<?xml version="1.0"?>
<opencv_storage>
<calibration_time>"2022年06月19日 星期日 17时19分49秒"</calibration_time>
<nr_of_frames>50</nr_of_frames>
<image_width>640</image_width>
<image_height>480</image_height>
<board_width>7</board_width>
<board_height>7</board_height>
<square_size>20.</square_size>
<fix_aspect_ratio>1.</fix_aspect_ratio>
<!-- flags: +fix_aspectRatio +fix_principal_point +zero_tangent_dist +fix_k4 +fix_k5 -->
<flags>6158</flags>
<fisheye_model>0</fisheye_model>
<camera_matrix type_id="opencv-matrix">
  <rows>3</rows>
  <cols>3</cols>
  <dt>d</dt>
  <data>
    1.1425582329262743e+03 0. 3.1950000000000000e+02 0.
    1.1425582329262743e+03 2.3950000000000000e+02 0. 0. 1.</data></camera_matrix>
<distortion_coefficients type_id="opencv-matrix">
  <rows>5</rows>
  <cols>1</cols>
  <dt>d</dt>
  <data>
    -1.4559622021281871e-01 1.7655478265527997e+00 0. 0.
    -2.3625741228281452e+01</data></distortion_coefficients>
<avg_reprojection_error>4.2299014639009626e-02</avg_reprojection_error>
<per_view_reprojection_errors type_id="opencv-matrix">
  <rows>50</rows>
  <cols>1</cols>
  <dt>f</dt>
  <data>
    6.16621785e-02 3.33447829e-02 3.63368206e-02 3.17549296e-02
    3.11528314e-02 3.88967022e-02 3.47844549e-02 3.88215445e-02
    3.89573649e-02 4.41865548e-02 3.89590822e-02 3.95036675e-02
    3.51581946e-02 3.93844806e-02 3.30853760e-02 3.61518189e-02
    3.21912579e-02 3.80405039e-02 3.32400762e-02 3.37954983e-02
    4.15055528e-02 4.40924540e-02 3.97961363e-02 3.51502784e-02
    3.76498252e-02 4.68187705e-02 4.45587933e-02 4.55628373e-02
    5.14154769e-02 4.68331762e-02 4.23958749e-02 4.25827242e-02
    4.47665043e-02 4.68461886e-02 4.64813635e-02 4.46508005e-02
    4.34677303e-02 4.59992662e-02 5.58209009e-02 5.47594614e-02
    4.99973409e-02 4.86212149e-02 5.07112890e-02 4.67167385e-02
    4.13793996e-02 4.53003831e-02 4.21707034e-02 3.93520035e-02
    3.63101028e-02 3.80028076e-02</data></per_view_reprojection_errors>
<!-- a set of 6-tuples (rotation vector + translation vector) for each view -->
<extrinsic_parameters type_id="opencv-matrix">
  <rows>50</rows>
  <cols>6</cols>
  <dt>d</dt>
  <data>
    -2.1447796197958116e-01 8.1111189743235515e-02
    -1.8714637907762843e-02 -2.0969526710780691e+01
    -5.0715015883501430e+01 8.2507111223053118e+02
    -2.2738060975882407e-01 6.9423355139848542e-02
    -9.7503175279736974e-03 -3.2335815464030453e+01
    -3.8068616690905380e+01 8.2603532431381859e+02
    -2.2609578746507150e-01 6.8308048834585022e-02
    -8.9828167293139732e-03 -3.2910896096181190e+01
    -3.9430074055199192e+01 8.2676007815700348e+02
    -2.2231001337604003e-01 6.9075160310726358e-02
    -7.7760774902980011e-03 -3.1754438940675445e+01
    -4.3305501890411279e+01 8.2759801191355564e+02
    -2.2562333579645757e-01 6.7462895147549842e-02
    -6.5761280999348786e-03 -3.2075847362501889e+01
    -3.9487385305308628e+01 8.2882538107130449e+02
    -2.2790630691273300e-01 6.7878442033557931e-02
    -5.6523189046199050e-03 -3.1209809297335330e+01
    -3.6332743211007866e+01 8.2939523826833920e+02
    -2.3651838153186996e-01 6.7687043307310513e-02
    -4.3468910420346833e-03 -3.0095297231301931e+01
    -2.8834467533620177e+01 8.2989029489949553e+02
    -2.4166808584042232e-01 6.8845880076509922e-02
    -2.8750146952378221e-03 -2.8745396331131669e+01
    -2.3375830565632260e+01 8.3017337210696860e+02
    -2.4788251459953833e-01 6.9010634920547778e-02
    -5.1227269233692935e-04 -2.7510261023380799e+01
    -1.6869552365105687e+01 8.3025308144067685e+02
    -2.6278981267406709e-01 6.7503135680565624e-02
    4.2351162707827466e-03 -2.8061927160033427e+01
    -2.7488070697614817e+00 8.3024006752884554e+02
    -2.6723235830431852e-01 6.0895384594756116e-02
    1.1742169533356528e-02 -3.3557434749327669e+01
    -1.2427910746254883e-01 8.3015063515478630e+02
    -2.5631758328964566e-01 4.2007965263417608e-02
    2.4060937755446616e-02 -4.9097118167875863e+01
    -9.9045062576286576e+00 8.2989406611160530e+02
    -2.4879676624691185e-01 2.8493905342472519e-02
    2.5960412254032807e-02 -6.3296569970068276e+01
    -1.8111423470954843e+01 8.2955807212083914e+02
    -2.4506352021485403e-01 2.1619641133404251e-02
    2.4936485616670521e-02 -7.0280795692386079e+01
    -2.2451242086642399e+01 8.2905912886312308e+02
    -2.3752279537197163e-01 1.4815555930927284e-02
    2.4891541218553328e-02 -7.6826675936256692e+01
    -2.8920375150937460e+01 8.2879038671164665e+02
    -2.2634871090916719e-01 5.0748241351001285e-03
    2.5105090673114713e-02 -8.6991611951661298e+01
    -3.9275580561406258e+01 8.2807340704458704e+02
    -2.2414119689449480e-01 -4.3797148982046086e-03
    2.6424590971076762e-02 -9.5752404313023135e+01
    -4.2132308803572236e+01 8.2745302771204126e+02
    -2.1949602783943528e-01 -1.8620951283766878e-02
    2.7080725151826242e-02 -1.0939134892559046e+02
    -4.6624483307098629e+01 8.2602949622810263e+02
    -2.1594905821415791e-01 -2.3476427557138847e-02
    2.7193296624545032e-02 -1.1476211511268254e+02
    -5.1454645062051434e+01 8.2539360294071298e+02
    -2.1581991431837708e-01 -2.3940242302894117e-02
    2.3211219826042628e-02 -1.1475225856995853e+02
    -5.0104763416431318e+01 8.2549646841567824e+02
    -2.2460436633977529e-01 -7.1912202522167422e-03
    1.6752193107952104e-02 -9.9567545398893415e+01
    -4.0311811156732567e+01 8.2753850993695949e+02
    -2.2751101842790189e-01 5.2543378599358747e-03
    1.1738800617375179e-02 -8.8581799589411446e+01
    -3.6778216471547715e+01 8.2895273124643438e+02
    -2.2936861075136081e-01 1.6153291888828848e-02
    9.3894129022159840e-03 -7.7837453881098540e+01
    -3.3803062764322242e+01 8.3010443719164630e+02
    -2.3223223641338028e-01 2.5481564381139452e-02
    8.7173247258575479e-03 -6.8195497624513024e+01
    -3.1649979342584576e+01 8.3114922000787635e+02
    -2.3207979104592219e-01 3.7954171328172859e-02
    7.2897640557447029e-03 -5.5055772819020270e+01
    -3.1608883513381670e+01 8.3265825595550086e+02
    -2.3024421882853255e-01 4.8370078933752760e-02
    4.2653494488576141e-03 -4.4351715830989235e+01
    -3.2251584247269697e+01 8.3388926315902927e+02
    -2.3078508306238713e-01 6.7469372757131871e-02
    2.8326778541616221e-03 -2.5633578016764311e+01
    -3.0572852148105234e+01 8.3559971628113954e+02
    -2.3088282405619137e-01 7.7690617459722278e-02
    1.1709879445975092e-03 -1.4459232569814544e+01
    -2.9625693743741632e+01 8.3660803920407454e+02
    -2.3084379401084992e-01 9.5402193211862829e-02
    -2.4126750930206701e-03 3.2181542817197175e+00
    -2.8651932237872924e+01 8.3801324931407271e+02
    -2.2791817636361014e-01 1.0609022590700171e-01
    -3.9488314290261053e-03 1.3363214987236532e+01
    -3.1506659217662470e+01 8.3886177947557962e+02
    -2.1787190984654267e-01 1.1107873297095426e-01
    -4.6457224139949144e-03 1.8927834076525087e+01
    -4.1815698767031137e+01 8.3964931391520111e+02
    -2.0873230597582371e-01 1.1119147745851091e-01
    -4.1350385389581773e-03 1.9570744193273168e+01
    -5.0252383014999026e+01 8.4015809380109476e+02
    -1.9284770267592435e-01 1.0810551942636913e-01
    -4.1877980768333265e-03 1.6806390293807492e+01
    -6.5136524742823497e+01 8.4064235263170849e+02
    -1.8223415243283472e-01 1.0184875449503862e-01
    -3.0115669460196435e-03 1.2001058060023919e+01
    -7.6430612885506861e+01 8.4066621662004206e+02
    -1.6476391637815904e-01 9.2429549571494948e-02
    1.1852006536884373e-04 2.5036588787759424e+00
    -9.2953218641637719e+01 8.4058287595780030e+02
    -1.5858515615289626e-01 8.3877556425443561e-02
    1.6138838940178239e-03 -5.4814540265215292e+00
    -1.0047961980313937e+02 8.4061079722397551e+02
    -1.5261688353225872e-01 7.4184565634132449e-02
    2.9887075096447480e-03 -1.5159463514418857e+01
    -1.0582127998464640e+02 8.4041892723759236e+02
    -1.4931028651030609e-01 6.0717090780309076e-02
    2.4131029738915094e-03 -3.0066317476652674e+01
    -1.0986090739303627e+02 8.4058383063099291e+02
