<?xml version="1.0"?>
<opencv_storage>
<calibration_time>"2022年06月20日 星期一 14时57分46秒"</calibration_time>
<nr_of_frames>50</nr_of_frames>
<image_width>1280</image_width>
<image_height>1024</image_height>
<board_width>7</board_width>
<board_height>7</board_height>
<square_size>20.</square_size>
<fix_aspect_ratio>1.</fix_aspect_ratio>
<!-- flags: +fix_aspectRatio +fix_principal_point +zero_tangent_dist +fix_k4 +fix_k5 -->
<flags>6158</flags>
<fisheye_model>0</fisheye_model>
<camera_matrix type_id="opencv-matrix">
  <rows>3</rows>
  <cols>3</cols>
  <dt>d</dt>
  <data>
    1.3104445466508787e+03 0. 6.3950000000000000e+02 0.
    1.3104445466508787e+03 5.1150000000000000e+02 0. 0. 1.</data></camera_matrix>
<distortion_coefficients type_id="opencv-matrix">
  <rows>5</rows>
  <cols>1</cols>
  <dt>d</dt>
  <data>
    -8.4408494915412413e-02 1.7748222840913461e-01 0. 0.
    -1.7875502579955314e+00</data></distortion_coefficients>
<avg_reprojection_error>2.9361236770943051e-02</avg_reprojection_error>
<per_view_reprojection_errors type_id="opencv-matrix">
  <rows>50</rows>
  <cols>1</cols>
  <dt>f</dt>
  <data>
    3.01328432e-02 3.00215762e-02 2.91803777e-02 3.21837552e-02
    2.90280003e-02 3.06694768e-02 2.70470399e-02 3.07827927e-02
    2.76990328e-02 2.86990870e-02 2.77780481e-02 2.70322673e-02
    2.59836800e-02 2.87573431e-02 3.04163117e-02 3.12878303e-02
    3.00425291e-02 2.93586925e-02 2.91716848e-02 2.69200783e-02
    2.82654185e-02 2.94826813e-02 3.22674811e-02 3.05006653e-02
    3.02559268e-02 2.68265940e-02 3.06666028e-02 2.58437134e-02
    2.66716555e-02 2.60512959e-02 3.48933488e-02 3.11973896e-02
    2.78235041e-02 2.76084617e-02 3.09862196e-02 2.90260501e-02
    2.54843216e-02 2.88576577e-02 2.99945436e-02 2.63640340e-02
    3.05776335e-02 3.47823836e-02 3.21970508e-02 2.75215525e-02
    3.02785132e-02 3.06829177e-02 2.59672366e-02 2.80929375e-02
    2.96985153e-02 3.29089984e-02</data></per_view_reprojection_errors>
<!-- a set of 6-tuples (rotation vector + translation vector) for each view -->
<extrinsic_parameters type_id="opencv-matrix">
  <rows>50</rows>
  <cols>6</cols>
  <dt>d</dt>
  <data>
    -2.5304799876392259e-01 -1.9515094585866567e-02
    -2.5715218114037205e-02 -4.8025807990074512e+01
    -1.6986310350032127e+02 9.1817672060581799e+02
    -2.7711633142379960e-01 -1.6342498757134505e-02
    -1.5280495888493265e-02 -4.1449314748953704e+01
    -1.4510230357320071e+02 9.2177747565205016e+02
    -2.8971038246457670e-01 -1.1008934444638175e-02
    -5.6152638990460890e-03 -3.2754868337001930e+01
    -1.3359441831903237e+02 9.2336048598137836e+02
    -2.9638782621833648e-01 -7.2397631324382771e-03
    -4.2454666726112564e-03 -2.9148304331818128e+01
    -1.2595667622479772e+02 9.2465107205005029e+02
    -3.0036697991121220e-01 -5.6901273715768558e-03
    -3.0352947771078351e-03 -2.7533987026381244e+01
    -1.2195149826041184e+02 9.2502906688728683e+02
    -3.0002086718731236e-01 -6.2079079855497619e-03
    -4.5674451494843735e-03 -2.8720105020165271e+01
    -1.2255568177345960e+02 9.2473780688996703e+02
    -2.9900816520771317e-01 -3.5033082639435108e-03
    -3.1349570363529596e-03 -2.5151623110831125e+01
    -1.2341843962806041e+02 9.2493191604641379e+02
    -3.0145834118409165e-01 -5.9791366278921275e-03
    -3.1266496502876519e-03 -2.8152425304533065e+01
    -1.2123686447957304e+02 9.2488570345626624e+02
    -3.0291946973127976e-01 -3.2977235066958864e-03
    -1.9943607604241196e-03 -2.4749106728124936e+01
    -1.1950388445001344e+02 9.2523843734411912e+02
    -3.0177415642980776e-01 -4.3720594466010307e-03
    -3.4094845098271496e-03 -2.6285201648264064e+01
    -1.2054072050491948e+02 9.2488993813662751e+02
    -3.0034683957378039e-01 -5.0233977369999652e-03
    -5.0991870490918641e-03 -2.7624575295798582e+01
    -1.2175770583206113e+02 9.2462115693183614e+02
    -2.9982691873569245e-01 -4.1575541736136052e-03
    -6.6063132824440369e-03 -2.7129120481994292e+01
    -1.2191838288240241e+02 9.2459490186161054e+02
    -3.0019593282316581e-01 -4.8519230543657560e-03
    -6.3814320544654897e-03 -2.7442687573818304e+01
    -1.2245777987008402e+02 9.2433002717219119e+02
    -2.9944691543718038e-01 -3.5532247404988335e-03
    -5.6018356563801693e-03 -2.6324904384170850e+01
    -1.2276997833566962e+02 9.2441953800375074e+02
    -2.9979858618097865e-01 -3.0992126732592622e-03
    -5.1248028893251616e-03 -2.5391151505198426e+01
    -1.2255296261161914e+02 9.2442011875441676e+02
    -2.9839276498545164e-01 -3.6434324132858806e-03
    -3.5160564836148101e-03 -2.5395539696046473e+01
    -1.2405533461590295e+02 9.2433447317927426e+02
    -2.9857778988203310e-01 -2.1089200971080783e-03
    -4.6228940217499393e-03 -2.4247296875784798e+01
    -1.2364411346187319e+02 9.2429058075653143e+02
    -2.9829867491247847e-01 -1.3237798831705924e-03
    -4.6930945683061262e-03 -2.3755440017430573e+01
    -1.2404027258598710e+02 9.2442871498697900e+02
    -2.9909738746821135e-01 4.9556647204635677e-04
    -3.9615066184276720e-03 -2.1276896057027994e+01
    -1.2319703216800133e+02 9.2464141854989350e+02
    -2.9892630824478583e-01 -8.5019655242777410e-04
    -4.3952502033705538e-03 -2.2654491725971852e+01
    -1.2390762510086971e+02 9.2428607652418282e+02
    -2.9784596337512587e-01 -6.0942534041530361e-04
    -4.9945508553964468e-03 -2.2795068154212782e+01
    -1.2456463001160965e+02 9.2403170579506900e+02
    -2.9744808505575843e-01 -6.2807422628782057e-04
    -5.0057283306241011e-03 -2.2771031275280372e+01
    -1.2461052188274510e+02 9.2415837435455808e+02
    -2.9776870955506840e-01 7.1125890327577057e-04
    -5.2040728925285828e-03 -2.1475037965706846e+01
    -1.2490908299385039e+02 9.2408215533199018e+02
    -2.9766338358553857e-01 1.1197631423249927e-03
    -4.7563530744293373e-03 -2.1208204465345080e+01
    -1.2479848325008345e+02 9.2407185347308985e+02
    -2.9790013433975954e-01 1.4444025880857227e-03
    -4.8640596818218043e-03 -2.0983570116222641e+01
    -1.2477129935335940e+02 9.2411176863272442e+02
    -2.9714702165817686e-01 2.6885852601984581e-04
    -5.6437967070930408e-03 -2.1953147474739424e+01
    -1.2527229074450443e+02 9.2397920251983044e+02
    -2.9766186049620691e-01 5.4967965551572099e-04
    -6.4507919674090426e-03 -2.2153632577630095e+01
    -1.2465174189512803e+02 9.2399580693059011e+02
    -2.9759765962158657e-01 5.2541408629238099e-04
    -5.9484722457616712e-03 -2.1678843535111096e+01
    -1.2526364618710917e+02 9.2387838069600105e+02
    -2.9637168995977686e-01 6.9172664616863394e-04
    -6.9750233577540776e-03 -2.2116142613611260e+01
    -1.2594151977497680e+02 9.2380123981054521e+02
    -2.9635835174701924e-01 1.1891169602063205e-03
    -6.6934520955101405e-03 -2.1524421005050186e+01
    -1.2600896065450699e+02 9.2387526116995014e+02
    -2.9674952098465546e-01 8.7433916448024932e-04
    -7.4369080554588232e-03 -2.2094399508987653e+01
    -1.2597524767517507e+02 9.2363789864083503e+02
    -2.9657297678693512e-01 1.4170470189652309e-03
    -6.6665255787943739e-03 -2.1649911459728369e+01
    -1.2564504200474779e+02 9.2372326850034040e+02
    -2.9876783769409604e-01 -2.0641657877787514e-04
    -7.6632625950571404e-03 -2.3490310728239386e+01
    -1.2356275079086257e+02 9.2389792679381480e+02
    -2.9812649314880091e-01 -7.0715906511464657e-03
    -8.3619365169351687e-03 -3.0537228889296770e+01
    -1.2394238453348440e+02 9.2346733516039535e+02
    -2.9796873589278872e-01 -8.2186338721779335e-03
    -8.2140333651557849e-03 -3.1932616946619838e+01
    -1.2403551686758054e+02 9.2335800565126613e+02
    -2.9689319734424219e-01 -9.2739374701001562e-03
    -8.7536717785172326e-03 -3.2613618324433205e+01
    -1.2504116291519702e+02 9.2303439630933599e+02
    -2.9587642464953873e-01 -1.2552720345518544e-02
    -9.1588509682418197e-03 -3.6490237057446748e+01
    -1.2586535153924216e+02 9.2268124075481796e+02
    -2.9578225838748434e-01 -1.6732482541901874e-02
    -9.0999127887961290e-03 -4.0561339587530000e+01
